528
16 121   0.0229459 -0.0212509 4633.6
16 122   0.0213829 -0.0160445 4915.91
16 123   0.0258894 -0.0230369 3774.27
16 124   0.0234078 -0.0175719 4853.78
16 125   0.0216477 -0.0139166 4559.33
16 126   0.0285373 -0.0202783 3908.01
16 127   0.0252376 -0.0160631 4841.01
16 128   0.0207991 -0.0131757 4314.86
16 129   0.0228139 -0.0131987 4475.03
16 130   0.0193931 -0.012932 4400.78
16 131   0.0274237 -0.0169834 4709.78
16 132   0.0250872 -0.0137262 4932.28
16 133   0.0200908 -0.0130841 4311.4
16 134   0.0235273 -0.0131681 4605.42
16 135   0.0260058 -0.0128333 5072.33
16 136   0.0242356 -0.0130765 4737.1
16 137   0.0274546 -0.0130889 5385.67
16 138   0.026688 -0.0126221 5249.23
16 139   0.0288932 -0.0122924 5868.1
16 140   0.0279623 -0.0120182 5673.45
16 141   -0.0229655 -0.00349509 5861.39
16 142   -0.0225895 0.00348635 5869.85
16 143   0.0230057 0.0212556 4616.4
16 144   0.025933 0.0230478 3764.89
16 145   0.0214849 0.0160211 4904.42
16 146   0.0285497 0.0202894 3902.21
16 147   0.0185541 0.0133981 4878.38
16 148   0.0217334 0.0138937 4558.74
16 149   0.0163064 0.0123803 5861.5
16 150   0.0194668 0.0129108 4369.75
16 151   0.0178988 0.0123986 4889.09
16 152   0.0228259 0.0131972 4480.95
16 153   0.0208727 0.0131545 4305.48
16 154   0.0251589 0.0137133 4939
16 155   0.0172373 0.0121297 5272.01
16 156   0.0201645 0.0130628 4297.08
16 157   0.0235394 0.0131665 4609.88
16 158   0.0260655 0.012822 5087.71
16 159   0.0242476 0.0130749 4737.15
16 160   0.0280151 0.0129607 5500.21
16 161   0.0267476 0.0126107 5267.65
16 162   0.0284632 0.0119014 5825.48
16 165   0.0293941 0.0118732 6126.1
16 166   0.0290992 0.0110783 6356.66
16 167   -0.000882403 0.0325 5192.62
16 168   0.00850849 0.0298093 5120.34
16 169   0.00317014 0.0299364 5270.63
16 170   0.00483516 0.0224364 5722.39
16 181   -0.00698412 0.03 5277.91
16 182   -0.00724862 -0.03 5273.22
16 183   -0.0275841 0.0206008 4355.92
16 195   -0.0175895 0.0109822 6077.38
16 196   -0.0175895 0.00598232 5981.75
16 198   -0.0179655 -0.00599913 5969.54
16 213   0.0110138 -0.0323692 4687.26
16 215   0.0192764 -0.03057 3650.67
16 216   0.0163294 -0.0336846 3761.77
16 217   0.0141283 -0.0310537 4467.34
16 218   0.0185957 -0.0276974 4357.7
16 219   0.0155551 -0.0281811 4752.52
16 230   0.0113546 0.0323728 4651.09
16 233   0.0167517 0.0336864 3690.72
16 234   0.0144513 0.0310593 4420.61
16 235   0.0157787 0.0281902 4718.72
16 245   0.0156059 -0.0115437 6266.24
16 246   0.0159008 -0.0109685 6316.45
16 250   0.0159008 0.0109685 6317.68
16 251   0.0156059 0.0115438 6266
16 253   -0.0260495 0.0256008 3445.57
16 254   -0.0221189 0.0268508 4023.22
16 255   -0.0214656 0.03125 2962.38
16 256   -0.0120899 0.0304167 4952.26
16 257   -0.0153472 0.0329167 3983.66
16 259   -0.0275 -0.0186049 4751.38
16 260   -0.0254655 -0.0147009 5428.46
16 265   0.0225405 -0.0303282 2982.96
16 266   0.026028 -0.0267383 2915.57
16 268   0.0234447 -0.0334427 2357
16 269   0.0294992 -0.0135449 5549.84
16 271   0.0283855 -0.0141927 5273.71
16 272   0.0288864 -0.0155391 4965.37
16 273   0.0196279 -0.0248885 4776.93
16 274   0.0208527 -0.0223852 4925.26
16 290   0.020932 0.0223898 4902.92
16 291   0.0197383 0.0248972 4747.44
16 299   0.0238102 0.0183406 4803.81
16 300   0.0230864 0.0168023 4892.93
16 301   0.0249597 0.0152827 4901.44
16 302   0.0276436 0.0179259 4535.58
16 303   0.0258314 0.0177693 4671.88
16 304   0.0262277 0.0161301 4862.95
16 305   0.028946 0.0141645 5325.25
16 306   0.0290939 0.0165798 4732.8
16 307   0.0280399 0.0155532 4967.12
16 308   0.00795772 0.0236228 5756.62
16 309   0.00962257 0.0259957 5552.92
16 311   0.0101071 0.0211864 6022.4
16 320   -0.0201763 0.0138569 6004.8
16 321   -0.0251763 0.0138569 5511.22
16 322   -0.0251709 0.0176423 5194.45
16 338   -0.00779129 -0.02625 5700.39
16 339   -0.0111243 -0.025 5946.45
16 373   -0.0109963 -0.0325 4767.33
16 391   0.0290992 -0.0109803 6406.2
16 392   0.0293941 -0.0115791 6243.07
16 393   0.0297052 -0.0108026 6607.81
16 394   0.0295577 -0.0105032 6481.96
16 395   0.0297052 0.0109496 6587.62
16 396   0.0295577 0.0105522 6553.36
16 397   0.0152948 -0.0107849 6605.44
16 398   0.0154423 -0.0104973 6529.75
16 399   0.0152948 0.0107849 6605.51
16 400   0.0154423 0.0104973 6529.48
16 425   -0.0252615 -0.021914 4478.39
16 426   -0.0218302 -0.0278925 3823.5
16 496   -0.0152777 0.026875 5383.51
16 497   -0.0191883 0.0249758 5245.76
16 500   -0.0236604 -0.03375 2022.56
16 502   -0.0238615 0.0333333 2029.86
16 536   -0.0277615 -0.0252473 3289.01
16 537   -0.0257844 -0.0282608 2784.51
16 552   -0.0214643 0.0186631 5765.35
16 553   -0.0188802 0.0163956 6194.07
16 587   -0.0284654 0.0283333 2410.94
16 589   0.0149411 0.0256902 5407.23
16 590   0.0126044 0.0247457 5749.21
16 598   0.00872549 -0.0298692 5110.35
16 599   0.00922029 -0.0261192 5532
16 600   0.00684463 -0.02375 5693.55
16 601   0.0109933 -0.0248037 5712.48
16 602   0.0101498 -0.0224346 5958.72
16 611   0.028676 -0.0280578 2119.08
16 659   -0.0190329 0.0224654 5938.95
16 660   -0.0197916 0.0203611 6036.95
16 704   -0.0216422 -0.0219987 5293.52
16 705   -0.020188 -0.0249637 5035.01
16 712   0.016148 0.0243492 5627.01
16 713   0.0179366 0.02404 5355.75
16 720   0.0176917 -0.0240666 5403.84
16 721   0.0136169 -0.0246174 5781.05
16 722   0.015559 -0.0255601 5363.52
16 804   0.0196953 0.016989 5291.52
16 805   0.0160364 0.0178947 6364.75
16 806   0.0167368 0.0157865 5904.21
16 807   0.018323 0.0152573 5375.22
16 828   -0.0194482 -0.0102489 5972.35
16 829   -0.0164827 -0.0117496 6144.8
16 830   -0.0219482 -0.0139506 5828.19
16 831   -0.01625 -0.0172675 6517.73
16 832   -0.0202327 -0.0160521 6022.13
16 833   -0.0177327 -0.0148505 6244.54
16 846   0.0193253 -0.0169451 5387.41
16 863   -0.00761894 0.02625 5693.79
16 877   -0.0275895 0.00598827 5749.95
16 878   -0.0275895 0.0109842 5565.55
16 883   0.000469979 0.0261864 5567.23
16 884   0.00185334 0.0236864 5669.59
16 885   -0.00421738 0.025 5720.63
16 886   -0.00554389 0.0225 5922.71
16 888   -0.00349727 0.02125 5878.56
16 889   -0.000787401 0.02125 5795.16
16 904   -0.0279655 -0.0109973 5549.52
16 905   -0.0279655 -0.00599317 5740.89
16 939   0.0185363 -0.0137018 4955.92
16 940   0.018025 -0.0154953 5495.62
16 941   0.0179547 -0.0126811 4927.68
16 942   0.0161344 -0.0141178 5887.67
16 943   0.0170653 -0.0131766 5512.38
16 944   0.015984 -0.0122975 5991.5
16 945   0.016915 -0.0120469 5465.74
16 947   0.0153781 -0.0130421 6091.69
16 948   0.0153781 -0.0137328 6044.31
16 983   0.0157563 -0.0181743 6454.72
16 986   0.0157563 -0.015376 6036.24
16 987   0.0165125 -0.0163485 6030.33
16 1010   -0.00896515 -0.02125 6189.34
16 1011   -0.0110358 -0.0225 6285.35
16 1012   -0.0130179 -0.02125 6556.16
16 1019   0.0157004 0.0146967 5999.99
16 1020   0.0157004 0.0134186 5995.11
16 1043   -0.00359989 -0.0325 5188.56
16 1047   -0.000110804 -0.03125 5270.14
16 1048   0.00542793 -0.03125 5146.61
16 1049   0.00322244 -0.03375 5093.89
16 1050   0.00367089 -0.02875 5355.23
16 1051   0.000518496 -0.02875 5397.76
16 1052   0.00287984 -0.0225 5707.05
16 1053   0.0045928 -0.025 5599.53
16 1054   -0.000811432 -0.02625 5572.17
16 1055   0.000628009 -0.02375 5672.64
16 1056   -0.00436974 -0.025 5724.32
16 1057   -0.00563213 -0.0225 5926.45
16 1059   -0.000859664 -0.02125 5797.04
16 1060   -0.00356149 -0.02125 5880.28
16 1107   0.0151474 -0.0103924 5911.61
16 1117   0.0151474 0.0103924 5910.2
16 1125   0.0298526 0.0104748 6090.84
16 1129   0.0152211 -0.0102486 5521.16
16 1130   0.0150737 -0.0101476 4432.94
16 1132   0.0150737 0.0101476 4423.78
16 1133   0.0152211 0.0102486 5518.78
16 1135   0.0297789 0.0102761 5558.96
16 1136   0.0299263 0.0101751 4516.14
16 1137   0.0298526 -0.0104013 5851.24
16 1140   0.0299263 -0.0101506 4112.37
16 1141   0.0297789 -0.0102516 5414.05
16 1180   -0.0172897 -0.03375 3466
16 1181   -0.0139357 -0.03125 4577.59
16 1182   -0.0205292 -0.0325 2893.2
16 1183   -0.0194834 -0.03 3810.91
16 1184   -0.0129981 -0.02625 5710.44
16 1185   -0.0163522 -0.02875 4777.52
16 1186   -0.014044 -0.02875 5051.28
16 1187   -0.0176339 -0.0251962 5582.27
16 1188   -0.0161449 -0.026875 5308.14
16 1189   -0.0144678 -0.025625 5793.35
16 1190   -0.016588 -0.0226962 6271.43
16 1191   -0.0145761 -0.023125 6420.65
16 1240   -0.0109136 0.0251042 5919.34
16 1241   -0.0134665 0.0253125 5923.18
16 1300   -0.0255802 -0.033125 1907.28
16 1301   -0.0290115 -0.0322433 1907.95
16 1302   -0.0270344 -0.0309933 2016.6
16 1305   -0.0282844 -0.034375 1808.2
16 1306   -0.0268302 -0.034375 1812.91
16 1307   -0.0200654 -0.0183468 6073.22
16 1308   -0.0201961 -0.0202339 5960.13
16 1309   -0.0175654 -0.0188118 6484.94
16 1310   -0.0176961 -0.0206989 6430.15
16 1311   0.0168565 -0.0190983 6394.29
16 1312   0.018913 -0.0187224 5728.55
16 1313   0.0196009 -0.0204911 5491.84
16 1314   0.0165161 -0.021055 6328.22
16 1315   0.0179602 -0.0219307 5899.44
16 1316   0.0193652 0.0188213 5588.92
16 1317   0.0198047 0.0205258 5428.06
16 1318   0.0172925 0.0191977 6292.58
16 1319   0.0168377 0.0210568 6286.43
16 1320   0.0183136 0.021934 5780.83
16 1328   0.0228732 0.0334445 2474.28
16 1329   0.0252439 0.0267492 3126.96
16 1330   0.0278605 0.0280681 2223.75
16 1331   0.0200605 0.0321309 3232.73
16 1332   0.0211229 0.0274644 3887.57
16 1333   0.0192645 0.0292618 3881.52
16 1334   0.0291688 0.0323118 1841.7
16 1335   0.0270293 0.0307563 2024.17
16 1336   0.0253668 0.0325484 2117.16
16 1339   0.0283376 0.0341039 1878.12
16 1340   0.0266751 0.0341039 1972.01
16 1372   0.0262702 -0.0326641 2009.15
16 1373   0.028014 -0.0308691 1933.76
16 1376   0.0267223 -0.0342214 1971.81
16 1377   0.0284661 -0.0342214 1876.05
16 1378   -0.0261634 0.0325 1917.36
16 1379   -0.0276981 0.0308333 2014.17
16 1382   -0.0269307 0.0341667 1817.25
16 1383   -0.0284654 0.0341667 1815.61
16 1446   0.0137503 -0.0228405 6208.78
16 1447   0.0148607 -0.0216559 6483.39
16 1448   0.0136788 -0.0205923 6563.66
16 1449   0.0118024 -0.0217769 6175.02
16 1450   0.0121467 -0.0205923 6320.25
16 1478   0.029338 -0.0333239 1826.81
16 1479   0.029338 -0.0315289 1847.45
16 1482   -0.0292327 0.0333333 1857.98
16 1483   -0.0292327 0.0316667 1945.6
16 1527   -0.00891701 0.02125 6188.16
16 1528   -0.0129033 0.0213542 6544.43
16 1529   -0.0108851 0.0226042 6246.58
16 1532   -0.0162934 0.0168541 6465.47
16 1543   -0.0161814 0.0211354 6250.69
16 1544   -0.0167161 0.0225937 6435.52
16 1545   -0.0145256 0.0220833 6398.16
16 1546   -0.0150603 0.0235417 6318.93
16 1578   -0.0165608 0.0200832 6343.1
16 1579   -0.0178542 0.0194373 6509.79
16 1580   -0.0156467 0.0188437 6504.19
16 1581   -0.0169401 0.0181978 6542.14
16 1646   0.0125008 0.0229661 6109.83
16 1647   0.0116684 0.0217796 6170.22
16 1648   0.0131261 0.0205932 6487.56
16 1649   0.0151127 0.0228115 6240.76
16 1650   0.0154253 0.021625 6472.93
16 1651   0.0138022 0.0223728 6335.33
16 1652   0.0141148 0.0211864 6543
16 1676   0.00896196 -0.02125 5923.24
16 1677   0.00742985 -0.02125 5838.9
99 99   0.012987 -0.00243813 3774.01
99 100   0.0330939 -0.00191785 3516.44
99 101   0.0118076 -0.00160989 3637.87
99 102   0.012987 0.00243813 3774.09
99 103   0.0339453 -0.0010091 3391.6
99 104   0.03345 -0.00291977 3492.13
99 105   0.0330939 0.00191785 3516.33
99 106   0.0111852 -0.0026118 3592.43
99 107   0.011321 -0.0010091 3583.08
99 108   0.0113541 -0.00326464 3627.11
99 109   0.0118076 0.00160989 3637.91
99 110   0.0340022 -0.000337165 3381.91
99 111   0.0332811 -0.0035726 3539.06
99 112   0.0339453 0.0010091 3391.45
99 113   0.03345 0.00291977 3492.15
99 114   0.0112642 -0.000337165 3574.7
99 115   0.0113541 0.00326464 3627.18
99 116   0.011321 0.0010091 3583.1
99 117   0.0111852 0.0026118 3592.48
99 118   0.0340022 0.000337165 3381.83
99 119   0.0332811 0.0035726 3539.53
99 120   0.0112642 0.000337165 3574.7
99 403   0.0197965 0.00674263 4525.12
99 404   0.0187844 0.0069318 4557.64
99 405   0.0187958 0.00810211 4669.86
99 406   0.0197965 -0.00674263 4524.9
99 407   0.0187958 -0.00810211 4669.6
99 408   0.0187844 -0.0069318 4557.42
99 409   0.0287339 -0.001778 4054.51
99 410   0.031754 -0.00186888 3678.76
99 411   0.0305841 -0.00306936 3820.57
99 412   0.0290082 -0.00297847 4031.64
99 413   0.0267505 -0.00501919 4365.9
99 414   0.0282866 -0.00418303 4158.26
99 415   0.0268331 -0.00629032 4473.67
99 416   0.0287339 0.001778 4054.42
99 417   0.031754 0.00186888 3678.58
99 418   0.0297786 0 3913.42
99 419   0.0312229 0 3733.85
99 420   0.0290082 0.00297847 4031.46
99 421   0.0305841 0.00306936 3820.19
99 422   0.0267505 0.00501919 4365.94
99 423   0.0282866 0.00418303 4158.14
99 424   0.0268331 0.00629032 4473.78
99 432   0.0146428 -0.00150017 3931.54
99 433   0.0146428 0.00150017 3931.6
99 434   0.0250556 0.00420999 4405.14
99 435   0.0231029 0.00530544 4474.88
99 436   0.0263175 0.00217335 4280.29
99 437   0.0192956 0.00092725 4322.74
99 438   0.0213258 0.00194557 4399.4
99 439   0.0197696 0.00503223 4447.88
99 440   0.0213683 0.00419605 4445.23
99 441   0.0183196 0.00399546 4338.81
99 442   0.0178883 0.00214096 4257.07
99 443   0.0160488 0.00271388 4077.28
99 444   0.0158677 0.00457074 4051.98
99 445   0.0172195 0.00492507 4281.56
99 446   0.0149981 0.00535711 3883.37
99 447   0.0119575 0.00367519 3701.73
99 448   0.012968 0.0038506 3797.54
99 449   0.0118076 0.00437542 3725.62
99 450   0.0120837 0.0049906 3806.58
99 451   0.0127415 0.00505869 3858.82
99 452   0.0140311 0.00520654 3852.36
99 453   0.0134758 0.00461892 3849.83
99 454   0.013777 0.00582036 3858.1
99 455   0.0126619 0.00628185 4060.51
99 456   0.0129926 0.00576022 3943.17
99 457   0.0139276 0.00642108 3806.81
99 458   0.0130898 0.0066489 4141.96
99 459   0.0135711 0.00672799 3926.17
99 460   0.013085 0.00717095 4559.61
99 461   0.0128854 0.00689885 4302.15
99 464   0.0231029 -0.00530544 4474.7
99 465   0.0250556 -0.00420999 4405.05
99 466   0.0263175 -0.00217335 4280.27
99 467   0.0224369 0 4393.1
99 468   0.0249457 0 4333.99
99 469   0.0192956 -0.00092725 4322.71
99 470   0.0213258 -0.00194557 4399.33
99 471   0.0197696 -0.00503223 4447.72
99 472   0.0213683 -0.00419605 4445.08
99 473   0.0178883 -0.00214096 4257.01
99 474   0.0160488 -0.00271388 4077.19
99 475   0.0183196 -0.00399546 4338.69
99 476   0.0172195 -0.00492507 4281.42
99 477   0.0158677 -0.00457074 4051.83
99 478   0.0149981 -0.00535711 3883.14
99 479   0.012968 -0.0038506 3797.42
99 480   0.0119575 -0.00367519 3701.63
99 481   0.0118076 -0.00437542 3725.48
99 482   0.0120837 -0.0049906 3806.47
99 483   0.0127415 -0.00505869 3858.74
99 484   0.0134758 -0.00461892 3849.66
99 485   0.0140311 -0.00520654 3852.11
99 486   0.013777 -0.00582036 3857.6
99 487   0.0129926 -0.00576022 3943.2
99 488   0.0126619 -0.00628185 4061.02
99 489   0.0139276 -0.00642108 3806.58
99 490   0.0130898 -0.0066489 4145.6
99 491   0.0135711 -0.00672799 3920.21
99 493   0.0128854 -0.00689885 4306.42
99 621   0.0308798 0.00431936 3787.42
99 622   0.0301358 0.00492368 3831.72
99 623   0.0291184 0.00487823 4017.01
99 624   0.0303163 0.00589832 3739.91
99 625   0.030472 0.0068616 3609.61
99 626   0.0307073 0.00623456 3697.86
99 627   0.0329635 0.00517107 3694.41
99 628   0.0318496 0.00471182 3742.77
99 629   0.0332396 0.00455589 3603.45
99 630   0.0327248 0.00416362 3632.27
99 631   0.0325187 0.00607431 3902.6
99 632   0.0325129 0.00543934 3768.18
99 633   0.0319138 0.00537235 3784.22
99 634   0.0320724 0.00634155 3962.85
99 635   0.0316493 0.00598661 3832.84
99 636   0.031232 0.00626663 3763.17
99 637   0.030838 0.00718648 3575.59
99 638   0.0315673 0.00720719 3863.2
99 639   0.0312261 0.00689367 3705.5
99 640   0.0308798 -0.00431936 3788.03
99 641   0.0291184 -0.00487823 4017.33
99 642   0.0301358 -0.00492368 3832.36
99 643   0.0303163 -0.00589832 3740.79
99 644   0.030472 -0.0068616 3610.95
99 645   0.0307073 -0.00623456 3698.9
99 646   0.0329635 -0.00517107 3695.55
99 647   0.0318496 -0.00471182 3743.53
99 648   0.0327248 -0.00416362 3632.72
99 649   0.0332396 -0.00455589 3605.63
99 650   0.0325187 -0.00607431 3903.27
99 651   0.0325129 -0.00543934 3768.93
99 652   0.0319138 -0.00537235 3785.17
99 653   0.0320724 -0.00634155 3964.11
99 654   0.0316493 -0.00598661 3834.03
99 655   0.031232 -0.00626663 3764.29
99 656   0.030838 -0.00718648 3577.29
99 657   0.0312261 -0.00689367 3706.16
99 658   0.0315673 -0.00720719 3865.87
99 661   0.0271434 -0.00834457 4991.89
99 662   0.0275455 -0.00808217 4843.3
99 664   0.0275455 0.00808217 4843.69
99 665   0.0271434 0.00834457 4992.39
99 667   0.0180915 0.00835807 4919.46
99 669   0.0180915 -0.00835807 4919.23
99 681   0.0141025 -0.007307 3607.87
99 694   0.0141025 0.007307 3613.13
99 696   0.0136959 0.00711399 3786.84
99 697   0.0134142 0.007307 4017.82
99 729   0.0158115 0.0066069 3842.28
99 730   0.0153026 0.00610698 3830.02
99 731   0.0144862 0.00655713 3697.53
99 732   0.0145363 0.00705704 3616.98
99 733   0.0154017 0.00725004 3331.37
99 734   0.0149429 0.00725004 3531.15
99 735   0.0153026 -0.00610698 3829.76
99 736   0.0158115 -0.0066069 3842.12
99 737   0.0144862 -0.00655713 3697.2
99 738   0.0145363 -0.00705704 3616.19
99 739   0.0149429 -0.00725004 3530.74
99 740   0.0154017 -0.00725004 3331.04
99 746   0.0301249 0.00717512 3532.8
99 747   0.029666 0.00717512 3374.1
99 750   0.029666 -0.00717512 3375.37
99 751   0.0301249 -0.00717512 3534.29
99 760   0.028066 0.00641744 4353.49
99 761   0.0288152 0.00584151 4085.43
99 762   0.0294605 0.00618912 3846.61
99 763   0.029275 0.00683888 3791.7
99 764   0.0278668 0.00765165 4680.2
99 765   0.028671 0.00712684 4288.01
99 766   0.0281073 0.007053 4463.31
99 767   0.0286315 0.00759428 4497.42
99 768   0.0282294 0.00785669 4719.18
99 771   0.0165554 0.00650511 4248.99
99 772   0.0179664 0.00644241 4494.44
99 773   0.0173482 0.00585961 4361.98
99 774   0.0168208 0.00710358 4438.9
99 775   0.0176193 0.00704324 4562.45
99 776   0.017733 0.00778859 4741.12
99 777   0.0173366 0.00811134 4822.9
99 778   0.0169345 0.00784893 4713.18
99 779   0.0165324 0.00758653 4512.06
99 782   0.0179664 -0.00644241 4494.26
99 783   0.0173482 -0.00585961 4361.83
99 784   0.0165554 -0.00650511 4248.86
99 785   0.0168208 -0.00710358 4438.76
99 786   0.0176193 -0.00704324 4562.26
99 787   0.017733 -0.00778859 4740.92
99 788   0.0173366 -0.00811134 4822.73
99 789   0.0165324 -0.00758653 4511.96
99 790   0.0169345 -0.00784893 4713.04
99 793   0.028066 -0.00641744 4353.55
99 794   0.0288152 -0.00584151 4085.7
99 795   0.0294605 -0.00618912 3847.21
99 796   0.029275 -0.00683888 3792.15
99 797   0.0278668 -0.00765165 4680.01
99 798   0.0281073 -0.007053 4463.3
99 799   0.028671 -0.00712684 4288.09
99 800   0.0282294 -0.00785669 4719.03
99 801   0.0286315 -0.00759428 4497.41
99 1033   0.0229592 0.00706165 4524.03
99 1034   0.022543 0.00937167 4539.59
99 1035   0.0212515 0.00766266 4549.47
99 1036   0.0211655 0.00871074 4591.44
99 1037   0.0236684 0.0087407 4583.59
99 1038   0.0239985 0.00747877 4546.96
99 1039   0.0255966 0.0071304 4555.64
99 1040   0.0261869 0.00811857 4673.29
99 1041   0.0254862 0.0088541 4595.19
99 1042   0.0245657 0.00912786 4652.23
99 1061   0.0229592 -0.00706165 4523.76
99 1062   0.022543 -0.00937167 4539.22
99 1063   0.0211655 -0.00871074 4591.12
99 1064   0.0212515 -0.00766266 4549.2
99 1065   0.0239985 -0.00747877 4546.66
99 1066   0.0236684 -0.0087407 4583.22
99 1067   0.0255966 -0.0071304 4555.38
99 1068   0.0261869 -0.00811857 4672.93
99 1069   0.0245657 -0.00912786 4651.73
99 1070   0.0254862 -0.0088541 4594.7
99 1071   0.0201821 0.00909791 4634.36
99 1072   0.0192617 0.00882414 4607.51
99 1073   0.0192617 -0.00882414 4607.23
99 1074   0.0201821 -0.00909791 4634.09
99 1244   0.0320961 0.00679905 4141.23
99 1245   0.0318965 0.00707114 4324.14
99 1248   0.0318965 -0.00707114 4326.77
99 1249   0.0320961 -0.00679905 4142.33
99 1284   0.0136074 -0.00701749 3885.27
99 1285   0.0137845 -0.0072105 3706.72
99 1286   0.0131111 -0.00707445 4402.22
99 1287   0.0133518 -0.00711399 4130.99
99 1290   0.0130089 -0.00719943 4605.39
99 1291   0.0131087 -0.00733547 4788.73
99 1486   0.0136175 -0.0074035 3701.76
99 1487   0.0134142 -0.007307 4010.71
99 1488   0.0132734 -0.0074035 4280.86
end
